                                                                                                                                                [18 ][21 ][21 ][21 ][21 ][21 ][21 ][21 ][21 ][21 ][21 ]                                                    
                                                                                                                                                [12 ]                                                                                            
                                                                                                                                                [12 ]                                                                                            
                                                                                                                                                [12 ]                                                                                            
                                                                                                                                                [12 ]                                    [28 ][30 ][30 ][30 ][30 ][30 ]                                
                                                                                                                                                [12 ]                                    [26 ]                                                    
                                                                                                                                                [9 ][10 ][14 ][14 ][14 ][14 ][14 ][14 ][23 ][24 ][25 ]                                                    
                                                                                                                                                [8 ][11 ][20 ][20 ][17 ][32 ][33 ]    [24 ]    [22 ]                                                    
                                                                                                                            [3 ][4 ][4 ][4 ][4 ][5 ][13 ][15 ][15 ][16 ][31 ][29 ][29 ][27 ]    [22 ]                                                    
                                                                                                                            [2 ]                [6 ][7 ][7 ][7 ][7 ][7 ][7 ][7 ][7 ][7 ][19 ]                                                    
                                                                                                                            [2 ]                                                                                                                
                                                                                                                            [2 ]                                                                                                                
                                                                                                                            [2 ]                                                                                                                
                                                                                                                            [2 ]                                                                                                                
                                                                                                                        [0 ][1 ]                                                                                                                
                                                                                                                                                                                                                                                
                                                                                                                                                                                                                                                
                                                                                                                                                                                                                                                
                                                                                                                                                                                                                                                
                                                                                                                                                                                                                                                
                                                                                                                                                                                                                                                
                                                                                                                                                                                                                                                
                                                                                                                                                                                                                                                
                                                                                                                                                                                                                                                
                                                                                                                                                                                                                                                
                                                                                                                                                                                                                                                
                                                                                                                                                                                                                                                
                                                                                                                                                                                                                                                
                                                                                                                                                                                                                                                
